TITLE 	INCOMMENSURATE STRUCTURE REFINEMENT
SPACEGROUP  P[C 2/M] -1 S :B                   
UNITCELL       8.90      5.24      6.04     90.00    101.35     90.00
MODULATION       0.18      0.00      0.32
MODE FO
SYMMETRY 8
     1, 0, 0, 0,     0.0000
     0, 1, 0, 0,     0.0000
     0, 0, 1, 0,     0.0000
     0, 0, 0, 1,     0.0000

    -1, 0, 0, 0,     0.0000
     0, 1, 0, 0,     0.0000
     0, 0,-1, 0,     0.0000
     0, 0, 0,-1,     0.5000

     1, 0, 0, 0,     0.0000
     0,-1, 0, 0,     0.0000
     0, 0, 1, 0,     0.0000
     0, 0, 0, 1,     0.5000

    -1, 0, 0, 0,     0.0000
     0,-1, 0, 0,     0.0000
     0, 0,-1, 0,     0.0000
     0, 0, 0,-1,     0.0000

     1, 0, 0, 0,     0.5000
     0, 1, 0, 0,     0.5000
     0, 0, 1, 0,     0.0000
     0, 0, 0, 1,     0.0000

    -1, 0, 0, 0,     0.5000
     0, 1, 0, 0,     0.5000
     0, 0,-1, 0,     0.0000
     0, 0, 0,-1,     0.5000

     1, 0, 0, 0,     0.5000
     0,-1, 0, 0,     0.5000
     0, 0, 1, 0,     0.0000
     0, 0, 0, 1,     0.5000

    -1, 0, 0, 0,     0.5000
     0,-1, 0, 0,     0.5000
     0, 0,-1, 0,     0.0000
     0, 0, 0,-1,     0.0000

